0 10000000 204200
1 9795800 13126
2 9782674 11935
3 9770739 10943
4 9759796 10150
5 9749646 9555
6 9740091 9058
7 9731033 8661
8 9722372 8458
9 9713914 8257
10 9705657 8250
11 9697407 8243
12 9689164 8333
13 9680831 8422
14 9672409 8608
15 9663801 8794
16 9655007 8979
17 9646028 9164
18 9636864 9348
19 9627516 9628
20 9617888 9906
21 9607982 10184
22 9597798 10558
23 9587240 10929
24 9576311 11300
25 9565011 11669
26 9553342 12133
27 9541209 12690
28 9528519 13245
29 9515274 13892
30 9501382 14537
31 9486845 15274
32 9471571 16102
33 9455469 16925
34 9438544 17933
35 9420611 18935
36 9401676 20120
37 9381556 21390
38 9360166 22745
39 9337421 24277
40 9313144 25891
41 9287253 27676
42 9259577 29631
43 9229946 31751
44 9198195 34125
45 9164070 36656
46 9127414 39339
47 9088075 42350
48 9045725 45590
49 9000135 49141
50 8950994 52990
51 8898004 57125
52 8840879 61621
53 8779258 66547
54 8712711 71793
55 8640918 77423
56 8563495 83494
57 8480001 90058
58 8389943 97156
59 8292787 104655
60 8188132 112669
61 8075463 121213
62 7954250 130291
63 7823959 139892
64 7684067 149993
65 7534074 160626
66 7373448 171728
67 7201720 183212
68 7018508 195044
69 6823464 207229
70 6616235 219527
71 6396708 231945
72 6164763 244248
73 5920515 256358
74 5664157 267971
75 5396186 278929
76 5117257 288972
77 4828285 297809
78 4530476 305218
79 4225258 310810
80 3914448 314330
81 3600118 315514
82 3284604 314041
83 2970563 309770
84 2660793 302506
85 2358287 292168
86 2066119 278802
87 1787317 262539
88 1524778 243675
89 1281103 222592
90 1058511 199815
91 858696 175973
92 682723 151749
93 530974 127890
94 403084 105096
95 297988 84006
96 213982 74894
97 139088 66067
98 73021 49289
99 23732 23732